18  1  0.235142  -0.0869565  0.0722994 5:-0.52381  -1  -1 
15  1  0.457364  0.293478  0.179473 5:-0.583333  -1  -1 
18  1  0.29199  0.130435  0.0337397 5:-0.642857  -1  -1 
16  1  0.219638  0.130435  0.0320386 5:-0.52381  -1  -1 
17  1  0.209302  0.0217391  0.0411114 5:-0.702381  -1  -1 
15  1  0.865633  0.652174  0.546924 5:-0.761905  -1  -1 
14  1  0.994832  0.891304  0.554295 5:-0.880952  -1  -1 
14  1  0.922481  0.836957  0.530479 5:-0.940476  -1  -1 
14  1  1  0.945652  0.594556 5:-0.761905  -1  -1 
15  1  0.664083  0.565217  0.2685 5:-0.940476  -1  -1 
15  1  0.627907  0.347826  0.105756 5:-0.761905  -1  -1 
14  1  0.405685  0.23913  0.13184 5:-1  -1  -1 
15  1  0.715762  0.130435  0.218032 5:-0.821429  -1  -1 
14  1  1  0.945652  -0.164729 5:-0.761905  -1  -1 
24  -0.6  -0.767442  -0.467391  -0.569606 5:-0.166667  -1  1 
22  0.2  -0.328165  -0.467391  -0.308194 5:-0.107143  -1  -1 
18  0.2  -0.322997  -0.445652  -0.34165 5:-0.107143  -1  -1 
21  0.2  -0.317829  -0.576087  -0.447689 5:-0.047619  -1  -1 
27  -0.6  -0.850129  -0.543478  -0.706833 5:-0.22619  -1  1 
26  -0.6  -0.850129  -1  -0.874114 5:0.488095  -1 
25  -0.6  -0.782946  -0.554348  -0.39949 5:0.130952  -1 
24  -0.6  -0.79845  -0.521739  -0.536717 5:-0.22619  -1 
25  -0.6  -0.813953  -0.467391  -0.567905 5:0.130952  -1 
26  -0.6  -0.726098  -0.271739  -0.647859 5:-0.464286  -1 
21  0.2  -0.322997  -0.521739  -0.413099 5:-0.166667  -1  -1 
10  1  0.509044  0.836957  0.702297 5:-0.285714  -1  -1 
10  1  0.235142  0.673913  0.566771 5:-0.166667  -1  -1 
11  1  0.29199  0.782609  0.570173 5:-0.345238  -1  -1 
9  1  0.219638  0.597826  0.768642 5:0.25  -1  -1 
27  -0.6  -0.850129  -0.543478  -0.706833 5:-0.22619  -0.833333  1 
28  -0.6  -0.627907  -0.521739  -0.630848 5:-0.107143  -0.833333  -1 
25  -0.6  -0.767442  -0.467391  -0.651262 5:-0.285714  -0.833333  1 
19  0.2  -0.152455  -0.413043  -0.421038 5:-0.404762  -0.833333  -1 
16  0.2  -0.18863  -0.358696  0.0354409 5:-0.107143  -0.833333  -1 
17  0.2  -0.0594315  -0.413043  -0.0269351 5:-0.107143  -0.833333  -1 
19  0.2  -0.0594315  -0.543478  -0.0422455 5:-0.107143  -0.833333  -1 
18  0.2  -0.152455  -0.413043  -0.0501843 5:-0.107143  -0.833333  -1 
14  1  0.457364  0.293478  0.472073 5:-0.52381  -0.833333  -1 
14  1  0.715762  0.402174  0.616671 5:-0.583333  -0.833333  -1 
14  1  0.462532  0.163043  0.440885 5:-0.345238  -0.833333  -1 
14  1  0.29199  0.130435  0.407995 5:-0.404762  -0.833333  -1 
12  1  0.627907  0.456522  0.895095 5:-0.583333  -0.833333  -1 
13  1  0.715762  0.347826  0.776581 5:-0.52381  -0.833333  -1 
13  1  0.715762  0.402174  1 5:-0.52381  -0.833333  -1 
18  0.2  -0.0180879  -0.304348  -0.235044 5:-0.345238  -0.833333  -1 
22  -0.6  -0.627907  -0.717391  -0.549192 5:0.309524  -0.833333  -1 
19  0.2  -0.0594315  -0.413043  -0.0535866 5:-0.166667  -0.833333  -1 
18  0.2  -0.0594315  -0.543478  -0.134675 5:-0.22619  -0.833333  -1 
23  -0.6  -0.72093  -0.565217  -0.655798 5:-0.285714  -0.833333  -1 
28  -0.6  -0.751938  -0.521739  -0.710802 5:-0.285714  -0.833333 
30  -0.6  -0.943152  -0.73913  -0.738588 5:0.369048  -0.833333 
30  -0.6  -0.896641  -0.673913  -0.743692 5:-0.22619  -0.833333 
31  -0.6  -0.984496  -0.793478  -0.909271 5:0.309524  -0.833333  1 
35  -0.6  -0.979328  -0.75  -1 5:0.190476  -0.833333  1 
27  -0.6  -0.850129  -0.847826  -0.874681 5:0.309524  -0.833333 
26  -0.6  -0.881137  -0.73913  -0.806067 5:0.488095  -0.833333  -1 
24  -0.6  -0.767442  -0.467391  -0.622909 5:-0.107143  -0.666667  1 
25  -0.6  -0.847545  -0.630435  -0.709101 5:0.0714286  -0.666667  -1 
23  -0.6  -0.850129  -0.913043  -0.636518 5:0.845238  -0.666667 
20  -0.6  -0.627907  -0.521739  -0.549192 5:0.369048  -0.666667  -1 
21  -0.6  -0.72093  -0.565217  -0.652396 5:0.0119048  -0.666667  -1 
13  1  0.457364  0.293478  0.508931 5:-0.52381  -0.666667  -1 
14  1  0.715762  0.402174  0.571874 5:-0.52381  -0.666667  -1 
15  1  0.29199  0.130435  0.430111 5:-0.345238  -0.666667  -1 
14  1  0.462532  0.163043  0.426708 5:-0.404762  -0.666667  -1 
17  1  0.219638  0.130435  0.167565 5:-0.583333  -0.666667  -1 
11  1  0.865633  0.76087  0.712504 5:-0.642857  -0.666667  -1 
13  1  0.457364  0.184783  0.638219 5:-0.345238  -0.666667  -1 
12  1  0.457364  0.23913  0.612135 5:-0.345238  -0.666667  -1 
13  1  0.715762  0.565217  0.592855 5:-0.464286  -0.666667  -1 
19  -1  -0.989664  -0.445652  -0.593422 5:-0.345238  -0.666667  1 
15  1  0.219638  0.130435  0.292316 5:-0.464286  -0.666667  -1 
13  1  0.235142  -0.0869565  0.40913 5:-0.285714  -0.666667  -1 
13  1  0.209302  0.0217391  0.520272 5:-0.047619  -0.666667  -1 
14  1  0.29199  0.130435  0.397221 5:-0.285714  -0.666667  -1 
18  -0.6  -0.726098  -0.282609  -0.251489 5:-0.22619  -0.666667 
22  -0.6  -0.726098  -0.673913  -0.490785 5:0.190476  -0.666667 
21  -0.6  -0.731266  -0.554348  -0.225404 5:0.369048  -0.666667 
26  -0.6  -0.855297  -0.75  -0.673377 5:0.190476  -0.666667 
22  -0.6  -0.72093  -0.565217  -0.556564 5:-0.047619  -0.666667  -1 
28  -0.6  -0.850129  -0.5  -0.617238 5:0.0714286  -0.666667  1 
23  -0.6  -0.731266  -0.445652  -0.493621 5:-0.22619  -0.666667  1 
28  -0.6  -0.844961  -0.630435  -0.687553 5:-0.166667  -0.666667  -1 
27  -0.6  -0.850129  -0.543478  -0.723845 5:0.0119048  -0.666667  1 
13  1  0.457364  0.402174  0.410264 5:-0.404762  -0.5  -1 
14  1  0.219638  0.130435  0.167565 5:-0.583333  -0.5  -1 
13  1  0.457364  0.076087  0.346754 5:-0.404762  -0.5  -1 
14  1  0.209302  -0.0108696  0.377375 5:-0.22619  -0.5  -1 
15  1  0.29199  0.130435  0.227105 5:-0.464286  -0.5  -1 
12  1  0.865633  0.652174  0.893394 5:-0.583333  -0.5  -1 
13  1  0.715762  0.130435  0.616671 5:-0.52381  -0.5  -1 
13  1  0.462532  0.217391  0.559399 5:-0.404762  -0.5  -1 
14  1  0.29199  0.130435  0.48795 5:-0.22619  -0.5  -1 
13  1  0.922481  0.836957  0.770343 5:-0.642857  -0.5  -1 
12  1  1  0.945652  0.892827 5:-0.642857  -0.5  -1 
13  1  0.509044  0.402174  0.252056 5:-0.642857  -0.5  -1 
18  0.2  -0.18863  -0.358696  -0.144882 5:0.0119048  -0.5  -1 
16  0.2  -0.0594315  -0.413043  -0.0558548 5:0.190476  -0.5  -1 
18  0.2  -0.152455  -0.413043  -0.244684 5:-0.047619  -0.5  -1 
18  0.2  -0.0594315  -0.543478  -0.201588 5:0.0119048  -0.5  -1 
23  0.2  -0.328165  -0.467391  -0.267933 5:-0.047619  -0.5  -1 
26  -0.6  -0.850129  -1  -0.808903 5:0.547619  -0.5 
11  1  0.715762  0.130435  0.918911 5:-0.285714  -0.5  -1 
12  1  0.715762  0.315217  0.867309 5:-0.464286  -0.5  -1 
13  1  0.509044  0.347826  0.724412 5:-0.404762  -0.5  -1 
12  1  0.457364  0.456522  0.636518 5:-0.464286  -0.5  -1 
18  0.2  -0.152455  -0.413043  -0.333144 5:-0.166667  -0.5  -1 
20  -0.6  -0.850129  -0.543478  -0.622342 5:0.309524  -0.5  1 
21  -0.6  -0.627907  -0.717391  -0.553161 5:0.369048  -0.5  -1 
22  -0.6  -0.793282  -0.478261  -0.565637 5:0.0119048  -0.5  1 
18  -1  -0.989664  -0.521739  -0.710235 5:-0.345238  -0.5  1 
19  -0.6  -0.72093  -0.576087  -0.604763 5:0.25  -0.5  -1 
21  0.2  -0.550388  -0.336957  -0.5129 5:-0.285714  -0.5  -1 
26  -0.6  -0.844961  -0.521739  -0.630281 5:-0.107143  -0.5 
15  1  0.457364  0.076087  0.400057 5:-0.404762  -0.5  -1 
16  1  0.715762  1  0.511199 5:-0.821429  -0.5  -1 
29  -0.6  -1  -0.967391  -0.855968 5:0.369048  -0.5 
24  -0.6  -0.751938  -0.684783  -0.690955 5:-0.107143  -0.5 
20  -0.6  -0.762274  -0.51087  -0.450525 5:-0.285714  -0.5 
19  -0.6  -0.726098  -0.282609  -0.288347 5:-0.107143  -0.5 
15  1  0.29199  0.130435  0.0127587 5:-0.642857  -0.5  -1 
24  -0.6  -0.726098  -0.304348  -0.406294 5:-0.285714  -0.5 
20  0.2  -0.54522  -0.173913  -0.322937 5:-0.345238  -0.5  1 
11  1  0.457364  0.456522  0.163028 5:-0.642857  -0.5  -1 
20  0.2  -0.328165  -0.467391  -0.155656 5:0.0119048  -0.333333  -1 
19  0.2  -0.152455  -0.413043  -0.269634 5:-0.047619  -0.333333  -1 
15  0.2  -0.0594315  -0.413043  -0.0229657 5:0.0714286  -0.333333  -1 
31  -0.6  -0.943152  -0.771739  -0.808903 5:0.309524  -0.333333  1 
26  -0.6  -0.72093  -0.630435  -0.524809 5:0.0119048  -0.333333  -1 
32  -0.6  -0.984496  -0.793478  -0.873547 5:0.547619  -0.333333  1 
25  -0.6  -0.627907  -0.684783  -0.473207 5:0.0714286  -0.333333  -1 
16  0.2  -0.0594315  -0.413043  0.229373 5:0.0714286  -0.333333  -1 
16  0.2  -0.0180879  -0.304348  0.144882 5:0.190476  -0.333333  -1 
18  0.2  -0.18863  -0.358696  0.134108 5:0.0119048  -0.333333  -1 
16  1  0.209302  0.0217391  0.433513 5:-0.285714  -0.333333  -1 
13  1  0.457364  0.130435  0.749929 5:-0.22619  -0.333333  -1 
14  1  0.29199  0.130435  0.612702 5:-0.345238  -0.333333  -1 
14  1  0.209302  0.0217391  0.715339 5:-0.047619  -0.333333  -1 
14  1  0.219638  0.130435  0.499291 5:-0.107143  -0.333333  -1 
29  -0.6  -0.844961  -0.597826  -0.656365 5:0.0119048  -0.333333 
26  -0.6  -0.943152  -0.771739  -0.801531 5:-0.107143  -0.333333 
26  -0.6  -0.850129  -0.652174  -0.610434 5:-0.22619  -0.333333 
31  -0.6  -0.958656  -0.934783  -0.979586 5:0.0119048  -0.333333  1 
32  -0.6  -0.922481  -0.836957  -0.778849 5:0.309524  -0.333333  1 
28  -0.6  -0.886305  -0.684783  -0.709668 5:-0.22619  -0.333333  -1 
24  -0.6  -0.886305  -0.684783  -0.719308 5:-0.107143  -0.333333 
26  -0.6  -0.751938  -0.684783  -0.641055 5:-0.285714  -0.333333 
24  -0.6  -0.731266  -0.445652  -0.503261 5:-0.166667  -0.333333  1 
26  -0.6  -0.793282  -0.48913  -0.558832 5:-0.107143  -0.333333  1 
31  -0.6  -0.943152  -0.771739  -0.78055 5:-0.047619  -0.333333 
19  0.2  -0.18863  -0.467391  -0.0637936 5:-0.047619  -0.166667  -1 
18  0.2  -0.0594315  -0.358696  0.046782 5:-0.047619  -0.166667  -1 
15  0.2  -0.0594315  -0.717391  0.0314715 5:0.547619  -0.166667  -1 
15  0.2  -0.0594315  -0.717391  -0.123901 5:0.369048  -0.166667  -1 
16  1  0.715762  0.347826  0.73235 5:-0.583333  -0.166667  -1 
15  1  0.457364  0.076087  0.603062 5:-0.285714  -0.166667  -1 
16  1  0.29199  0.130435  0.635951 5:-0.22619  -0.166667  -1 
14  1  0.462532  0.108696  0.726113 5:-0.345238  -0.166667  -1 
17  0.2  -0.157623  -0.304348  0.300822 5:0.547619  -0.166667  -1 
16  0.2  -0.0594315  -0.358696  0.295152 5:0.25  -0.166667  -1 
15  0.2  -0.0180879  -0.304348  0.200454 5:0.309524  -0.166667  -1 
18  0.2  -0.18863  -0.467391  0.231642 5:0.309524  -0.166667  -1 
21  0.2  -0.157623  -0.304348  -0.191381 5:-0.166667  -0.166667  -1 
20  1  0.00258398  -0.304348  -0.0881769 5:-0.345238  -0.166667  -1 
13  1  0.209302  -0.0978261  -0.117664 5:-0.52381  -0.166667  -1 
29  -0.6  -0.850129  -0.684783  -0.683584 5:-0.047619  -0.166667  1 
23  -0.6  -0.627907  -0.597826  -0.418202 5:0.0714286  -0.166667  -1 
20  0.2  -0.152455  -0.413043  -0.262263 5:-0.047619  -0.166667  -1 
23  -0.6  -0.627907  -0.652174  -0.444854 5:0.25  -0.166667  -1 
24  -0.6  -0.658915  -0.456522  -0.382478 5:-0.345238  -0.166667  1 
25  -0.6  -0.886305  -0.728261  -0.654097 5:0.0119048  -0.166667 
24  -0.6  -0.736434  -0.445652  -0.471506 5:0.0714286  -0.166667  1 
18  0.2  -0.4677  -0.445652  -0.222569 5:-0.22619  -0.166667  -1 
29  -0.6  -0.886305  -0.73913  -0.816274 5:-0.285714  -0.166667 
19  0.2  -0.152455  -0.521739  -0.0938475 5:0.0714286  -0.166667  -1 
23  -0.6  -0.757106  -0.467391  -0.387014 5:-0.166667  -0.166667 
23  -0.6  -0.731266  -0.543478  -0.237879 5:0.0714286  -0.166667 
22  -0.6  -0.726098  -0.434783  -0.244684 5:-0.22619  -0.166667 
25  -0.6  -0.726098  -0.25  -0.400057 5:-0.345238  -0.166667 
33  -0.6  -0.881137  -0.923913  -0.896796 5:0.130952  -0.166667  1 
28  -0.6  -0.79845  -0.565217  -0.517437 5:-0.107143 
25  -0.6  -0.751938  -0.619565  -0.655798 5:0.0595238 
25  -0.6  -0.627907  -0.5  -0.456195 5:-0.178571  -1 
26  -0.6  -0.844961  -0.641304  -0.635951 5:0.154762  -1 
27  -0.6  -0.829457  -0.597826  -0.666005 5:-0.130952 
17.5  1  0.224806  0.0217391  0.475475 5:-0.404762  -1 
16  1  0.29199  0.130435  0.461299 5:-0.404762  -1 
15.5  1  0.219638  -0.195652  0.33201 5:-0.297619  -1 
14.5  1  0.462532  0.152174  0.475475 5:-0.428571  -1 
22  0.2  -0.18863  -0.413043  -0.0813723 5:-0.119048  -1 
22  0.2  -0.0594315  -0.358696  -0.0133258 5:-0.22619  -1 
24  0.2  -0.317829  -0.619565  -0.206691 5:0.142857  -1 
22.5  0.2  -0.152455  -0.521739  -0.165296 5:0.142857  -1 
29  -0.6  -0.912145  -0.934783  -0.760703 5:0.690476  -1 
24.5  -0.6  -0.844961  -0.847826  -0.687553 5:0.678571  -1 
29  -0.6  -0.886305  -0.73913  -0.816274 5:-0.261905 
33  -0.6  -0.881137  -0.923913  -0.896796 5:0.119048  1 
20  0.2  -0.18863  -0.413043  0.155656 5:0.154762  -1 
18  0.2  -0.0594315  -0.652174  0.111993 5:0.547619  -1 
18.5  0.2  -0.0594315  -0.304348  0.152254 5:-0.0238095  -1 
17.5  0.2  -0.0180879  -0.467391  -0.104054 5:0.166667  -1 
29.5  -0.6  -0.850129  -0.728261  -0.879785 5:-0.5 
32  -0.6  -0.912145  -0.73913  -0.786221 5:0.0714286  1 
28  -0.6  -0.850129  -0.684783  -0.692657 5:-2.22045e-16  1 
26.5  -0.6  -0.627907  -0.717391  -0.460164 5:-0.333333  -1 
20  -0.6  -0.679587  -0.391304  -0.128438 5:-0.0833333 
13  1  0.29199  0.130435  0.319535 5:-0.380952  -1 
19  -0.6  -0.731266  -0.543478  -0.0603913 5:0.654762 
19  0.2  -0.54522  -0.326087  -0.25319 5:-0.107143  1 
16.5  0.2  -0.483204  -0.195652  0.251489 5:0.0357143 
16.5  1  0.457364  0.456522  0.569039 5:-0.511905  -1 
13  1  0.457364  0.076087  0.384746 5:-0.52381  -1 
13  1  0.209302  -0.0869565  0.279841 5:-0.166667  -1 
13  1  0.29199  0.130435  0.21463 5:-0.285714  -1 
31.5  -0.6  -0.844961  -0.76087  -0.755033 5:0.25  0.166667  1 
30  -0.6  -0.777778  -0.630435  -0.692657 5:-0.190476  0.166667  -1 
36  -0.6  -0.943152  -0.869565  -0.879785 5:0.261905  0.166667 
25.5  -0.6  -0.72093  -0.456522  -0.610434 5:-0.107143  0.166667  -1 
33.5  -0.6  -0.912145  -0.73913  -0.811738 5:0.047619  0.166667  1 
17.5  1  0.224806  0.076087  0.285512 5:-0.464286  0.166667  -1 
17  1  -0.00775194  -0.304348  0.387582 5:0.309524  0.166667  -1 
15.5  1  0.29199  0.076087  0.432946 5:-0.321429  0.166667  -1 
15  1  0.209302  -0.0869565  0.520839 5:-0.178571  0.166667  -1 
17.5  0.2  -0.0594315  -0.304348  0.0813723 5:-2.22045e-16  0.166667  -1 
20.5  0.2  -0.157623  -0.358696  0.0275021 5:0.0595238  0.166667  -1 
19  0.2  -0.18863  -0.413043  0.143748 5:0.154762  0.166667  -1 
18.5  0.2  -0.0594315  -0.434783  0.0842075 5:0.309524  0.166667  -1 
16  1  0.715762  0.456522  0.47831 5:-0.630952  0.166667  -1 
15.5  1  0.457364  0.347826  0.447122 5:-0.595238  0.166667  -1 
15.5  1  0.715762  0.565217  0.537851 5:-0.5  0.166667  -1 
16  1  0.462532  0.119565  0.543521 5:-0.22619  0.166667  -1 
29  -0.6  -0.850129  -0.652174  -0.814573 5:-0.22619  0.166667 
24.5  -0.6  -0.571059  -0.543478  -0.36093 5:-0.047619  0.166667  -1 
26  -0.6  -0.850129  -0.684783  -0.630281 5:0.214286  0.166667  1 
25.5  -0.6  -0.627907  -0.532609  -0.352424 5:-0.0714286  0.166667  -1 
30.5  -0.6  -0.844961  -0.815217  -0.75163 5:0.0714286  0.166667  -1 
33.5  -0.6  -0.844961  -0.597826  -0.738021 5:-0.0595238  0.166667  -1 
30  -0.6  -0.850129  -0.771739  -0.789056 5:-2.22045e-16  0.166667  1 
30.5  -0.6  -0.850129  -0.652174  -0.67281 5:-0.27381  0.166667 
22  0.2  -0.596899  -0.445652  -0.318401 5:-0.22619  0.166667  1 
21.5  -0.6  -0.726098  -0.304348  -0.440318 5:-0.428571  0.166667 
21.5  -1  -0.937984  -0.304348  -0.372271 5:-0.345238  0.166667  1 
43.1  -0.6  -0.886305  -0.978261  -0.789056 5:0.607143  0.333333 
36.1  -0.6  -0.844961  -0.782609  -0.893961 5:-0.238095  0.333333  -1 
32.8  -0.6  -0.94832  -0.934783  -0.789056 5:0.357143  0.333333  1 
39.4  -0.6  -0.912145  -0.73913  -0.740856 5:0.261905  0.333333  1 
36.1  -0.6  -0.881137  -0.847826  -0.893961 5:-2.22045e-16  0.333333  1 
19.9  1  -0.00775194  -0.304348  -0.00652112 5:-0.107143  0.333333  -1 
19.4  1  0.29199  0.0217391  0.203289 5:-0.380952  0.333333  -1 
20.2  1  0.209302  0.0108696  0.109725 5:-0.428571  0.333333  -1 
19.2  0.2  -0.157623  -0.358696  0.0898781 5:0.333333  0.333333  -1 
20.5  0.2  -0.317829  -0.467391  -0.125602 5:0.214286  0.333333  -1 
20.2  0.2  -0.317829  -0.576087  -0.233343 5:-0.0714286  0.333333  -1 
25.1  -0.6  -0.627907  -0.543478  -0.372271 5:-0.119048  0.333333  -1 
20.5  0.2  -0.18863  -0.413043  0.0303374 5:0.0952381  0.333333  -1 
19.4  0.2  -0.152455  -0.521739  -0.0944145 5:0.0952381  0.333333  -1 
20.6  0.2  -0.157623  -0.358696  0.00198469 5:-0.0714286  0.333333  -1 
20.8  0.2  -0.317829  -0.576087  -0.173802 5:0.0357143  0.333333  -1 
18.6  0.2  -0.18863  -0.304348  0.138078 5:0.27381  0.333333  -1 
18.1  0.2  -0.0180879  -0.195652  0.0189963 5:-0.154762  0.333333  -1 
19.2  1  0.224806  0.076087  0.0275021 5:-0.380952  0.333333  -1 
17.7  0.2  -0.157623  0.293478  0.0388432 5:-0.357143  0.333333  -1 
18.1  1  0.209302  0.0108696  -0.0972498 5:-0.619048  0.333333  -1 
17.5  1  0.29199  0.0217391  0.398923 5:-0.321429  0.333333  -1 
30  -0.6  -0.844961  -0.76087  -0.692657 5:0.0119048  0.333333  -1 
27.5  -0.6  -0.658915  -0.467391  -0.463 5:-0.261905  0.333333  1 
27.2  -0.6  -0.736434  -0.445652  -0.610434 5:-0.202381  0.333333  1 
30.9  -0.6  -0.808786  -0.684783  -0.650128 5:-0.22619  0.333333  -1 
21.1  -0.6  -0.658915  -0.467391  -0.488517 5:-0.190476  0.333333  1 
23.2  -0.6  -0.54522  -0.358696  -0.358095 5:0.0357143  0.333333  -1 
23.8  -0.6  -0.571059  -0.576087  -0.295719 5:0.142857  0.333333  -1 
23.9  -0.6  -0.736434  -0.445652  -0.550893 5:-0.178571  0.333333  1 
20.3  -0.2  -0.674419  -0.380435  -0.309895 5:-0.0595238  0.333333 
17  0.2  -0.509044  -0.141304  -0.134108 5:-0.333333  0.333333 
21.6  -0.6  -0.726098  -0.25  -0.329742 5:-0.0833333  0.333333 
16.2  0.2  -0.509044  -0.0543478  0.0189963 5:-0.0714286  0.333333 
31.5  -0.6  -0.891473  -0.728261  -0.786221 5:-0.178571  0.333333 
29.5  -0.6  -0.844961  -0.76087  -0.703998 5:0.0238095  0.333333  1 
21.5  0.2  -0.157623  -0.25  -0.0745676 5:-0.119048  0.5  -1 
19.8  0.2  -0.317829  -0.576087  -0.219166 5:0.214286  0.5  -1 
22.3  -0.6  -0.627907  -0.543478  -0.275872 5:0.107143  0.5  -1 
20.2  0.2  -0.152455  -0.521739  -0.0632265 5:0.214286  0.5  -1 
20.6  0.2  -0.18863  -0.304348  -0.00935639 5:0.0238095  0.5  -1 
17  1  0.224806  -0.0869565  0.26283 5:-0.119048  0.5  -1 
17.6  1  0.209302  -0.0978261  0.197618 5:-0.357143  0.5  -1 
16.5  1  0.462532  0.328041 5:-0.380952  0.5  -1 
18.2  1  0.29199  -0.0326087  0.257159 5:-0.142857  0.5  -1 
16.9  1  0.457364  0.184783  0.557698 5:-0.178571  0.5  -1 
15.5  1  0.462532  0.0434783  0.384179 5:-0.25  0.5  -1 
19.2  1  0.0284238  -0.141304  0.129572 5:-0.166667  0.5  -1 
18.5  1  0.509044  0.130435  0.319535 5:-0.404762  0.5  -1 
31.9  -0.6  -0.891473  -0.728261  -0.823079 5:-0.285714  0.5 
34.1  -0.6  -0.906977  -0.793478  -0.794726 5:-0.142857  0.5  1 
35.7  -0.6  -0.844961  -0.630435  -0.82875 5:-0.238095  0.5  -1 
27.4  -0.6  -0.726098  -0.630435  -0.400624 5:-0.166667  0.5  -1 
25.4  -0.2  -0.405685  -0.663043  0.0870428 5:0.440476  0.5 
23  1  0.457364  -0.141304  0.296853 5:0.119048  0.5  -1 
27.2  -0.6  -0.622739  -0.728261  -0.105756 5:1  0.5 
23.9  1  -0.00775194  -0.521739  0.0246669 5:0.690476  0.5  -1 
34.2  -0.6  -0.808786  -0.73913  -0.667139 5:-0.380952  0.5  -1 
34.5  -0.6  -0.808786  -0.73913  -0.695492 5:-0.178571  0.5  -1 
31.8  -0.6  -0.912145  -0.793478  -0.769209 5:0.333333  0.5  1 
37.3  -0.6  -0.881137  -0.75  -0.706833 5:-0.202381  0.5 
28.4  -0.6  -0.571059  -0.521739  -0.400624 5:-0.047619  0.5  -1 
28.8  0.2  -0.457364  -0.25  -0.443153 5:-0.607143  0.5  -1 
26.8  0.2  -0.457364  -0.25  -0.383612 5:-0.416667  0.5  -1 
33.5  -0.6  -0.571059  -0.521739  -0.465268 5:-0.380952  0.5  -1 
41.5  -0.6  -0.844961  -0.673913  -0.698894 5:-0.202381  0.666667 
38.1  -0.6  -0.891473  -0.847826  -0.798696 5:0.285714  0.666667  1 
32.1  -0.6  -0.844961  -0.73913  -0.712504 5:-0.107143  0.666667  -1 
37.2  -0.6  -0.906977  -0.793478  -0.769776 5:-2.22045e-16  0.666667  1 
28  -0.6  -0.571059  -0.521739  -0.396087 5:0.0119048  0.666667  -1 
26.4  -0.6  -0.627907  -0.543478  -0.287213 5:0.202381  0.666667  -1 
24.3  -0.6  -0.571059  -0.521739  -0.211795 5:0.440476  0.666667  -1 
19.1  0.2  -0.18863  -0.521739  0.00255174 5:0.27381  0.666667  -1 
34.3  -0.6  -0.850129  -0.652174  -0.673944 5:-0.0714286  0.666667 
29.8  -0.6  -0.658915  -0.521739  -0.377375 5:-0.107143  0.666667  1 
31.3  -0.6  -0.731266  -0.684783  -0.473207 5:0.130952  0.666667  1 
37  -0.6  -0.736434  -0.5  -0.534449 5:-0.166667  0.666667  1 
32.2  -0.6  -0.793282  -0.684783  -0.630281 5:-0.142857  0.666667  1 
46.6  -0.6  -0.906977  -0.793478  -0.718174 5:0.178571  0.666667  1 
27.9  -0.6  -0.54522  -0.358696  -0.326907 5:-0.238095  0.666667  -1 
40.8  -0.6  -0.912145  -0.793478  -0.718174 5:0.333333  0.666667  1 
44.3  -0.6  -0.886305  -0.978261  -0.73235 5:0.630952  0.666667 
43.4  -0.6  -0.886305  -0.978261  -0.590587 5:0.869048  0.666667 
36.4  -0.2  -0.726098  -0.771739  -0.241849 5:0.416667  0.666667 
30  -0.6  -0.596899  -0.771739  -0.0717324 5:0.642857  0.666667 
44.6  -0.6  -0.881137  -0.771739  -0.865608 5:-0.309524  0.666667  1 
33.8  -0.6  -0.850129  -0.771739  -0.698327 5:0.190476  0.666667  1 
29.8  -0.6  -0.891473  -0.826087  -0.868443 5:-0.130952  0.666667 
32.7  0.2  -0.483204  -0.0652174  -0.264531 5:-0.595238  0.666667  1 
23.7  -1  -0.989664  -0.413043  -0.542387 5:-0.464286  0.666667  1 
35  -0.6  -0.72093  -0.543478  -0.497023 5:-0.154762  0.666667 
32.4  -0.6  -0.79845  -0.717391  -0.616104 5:0.0714286  0.666667  1 
27.2  -0.6  -0.653747  -0.586957  -0.502694 5:-0.0833333  0.833333  -1 
26.6  -0.6  -0.571059  -0.586957  -0.420471 5:-2.22045e-16  0.833333  -1 
25.8  -0.6  -0.54522  -0.5  -0.428976 5:-0.238095  0.833333  -1 
23.5  0.2  -0.457364  -0.304348  -0.369436 5:-0.452381  0.833333  -1 
30  -0.6  -0.653747  -0.586957  -0.562234 5:-0.416667  0.833333  -1 
39.1  -0.6  -0.943152  -0.869565  -0.919478 5:0.0595238  0.833333  1 
39  -0.6  -0.906977  -0.804348  -0.851432 5:-2.22045e-16  0.833333  -1 
35.1  -0.6  -0.932817  -0.847826  -0.916643 5:-0.0357143  0.833333  1 
32.3  -0.6  -0.850129  -0.771739  -0.743692 5:0.166667  0.833333  1 
37  -0.6  -0.912145  -0.793478  -0.794726 5:0.357143  0.833333  1 
37.7  -0.6  -0.891473  -0.826087  -0.752197 5:0.107143  0.833333  1 
34.1  -0.6  -0.881137  -0.76087  -0.789056 5:-0.047619  0.833333  1 
34.7  -0.6  -0.808786  -0.815217  -0.658633 5:-0.178571  0.833333  -1 
34.4  -0.6  -0.844961  -0.793478  -0.755033 5:-0.0238095  0.833333  -1 
29.9  -0.6  -0.844961  -0.793478  -0.565069 5:0.511905  0.833333  -1 
33  -0.6  -0.808786  -0.695652  -0.67281 5:-0.261905  0.833333 
33.7  -0.6  -0.79845  -0.684783  -0.661469 5:-0.238095  0.833333  1 
32.4  -0.6  -0.793282  -0.684783  -0.582081 5:0.047619  0.833333  1 
32.9  -0.6  -0.736434  -0.413043  -0.431812 5:-0.190476  0.833333  1 
31.6  -0.6  -0.731266  -0.695652  -0.420471 5:0.22619  0.833333  1 
28.1  -0.6  -0.622739  -0.630435  -0.0830734 5:0.47619  0.833333 
30.7  0.2  -0.602067  -0.673913  -0.122767 5:0.380952  0.833333 
25.4  0.2  -0.483204  -0.23913  -0.270201 5:-0.452381  0.833333  1 
24.2  0.2  -0.596899  -0.195652  -0.25319 5:-0.309524  0.833333  1 
22.4  0.2  -0.157623  -0.304348  0.0218316 5:-0.0714286  0.833333  -1 
26.6  1  0.457364  -0.358696  0.197618 5:0.309524  0.833333  -1 
20.2  0.2  -0.317829  -0.543478  -0.179473 5:0.0833333  0.833333  -1 
17.6  0.2  -0.18863  -0.576087  0.0501843 5:0.0238095  0.833333  -1 
28  -0.6  -0.77261  -0.543478  -0.437482 5:0.380952  1  -1 
27  -0.6  -0.77261  -0.543478  -0.417635 5:0.261905  1  -1 
34  -0.6  -0.77261  -0.543478  -0.556564 5:0.190476  1  -1 
31  -0.6  -0.77261  -0.576087  -0.454494 5:-0.0238095  1  -1 
29  -0.6  -0.653747  -0.586957  -0.482847 5:-0.047619  1  -1 
27  -0.6  -0.571059  -0.521739  -0.363765 5:0.190476  1  -1 
24  -0.6  -0.627907  -0.5  -0.290048 5:-2.22045e-16  1  -1 
36  -0.6  -0.808786  -0.695652  -0.791891 5:-0.130952  1 
37  -0.6  -0.881137  -0.76087  -0.766374 5:0.214286  1  1 
31  -0.6  -0.881137  -0.76087  -0.797562 5:0.142857  1  1 
38  -0.6  -0.808786  -0.815217  -0.709668 5:-0.202381  1  -1 
36  -0.6  -0.844961  -0.73913  -0.709668 5:0.107143  1  -1 
36  -0.6  -0.731266  -0.543478  -0.689821 5:-0.22619  1  1 
36  -0.6  -0.79845  -0.684783  -0.664304 5:-0.22619  1  1 
34  -0.6  -0.793282  -0.73913  -0.641622 5:0.0595238  1  1 
38  -0.6  -0.881137  -0.771739  -0.800397 5:-0.166667  1  1 
32  -0.6  -0.881137  -0.771739  -0.800397 5:-0.0833333  1  1 
38  -0.6  -0.881137  -0.771739  -0.783385 5:-0.0238095  1  1 
25  0.2  -0.416021  -0.304348  -0.244684 5:-2.22045e-16  1  -1 
38  0.2  0.00258398  -0.576087  -0.20499 5:0.0714286  1  -1 
26  -0.6  -0.54522  -0.5  -0.448823 5:-0.22619  1  -1 
22  0.2  -0.152455  -0.282609  -0.30706 5:-0.202381  1  -1 
32  -0.6  -0.607235  -0.456522  -0.403459 5:-0.297619  1  1 
36  -0.6  -0.653747  -0.586957  -0.57074 5:-0.404762  1  -1 
27  -0.6  -0.571059  -0.521739  -0.241849 5:0.107143  1  -1 
27  -0.6  -0.627907  -0.565217  -0.332577 5:-0.0952381  1  -1 
44  -0.6  -0.850129  -0.934783  -0.706833 5:0.97619  1 
32  -0.6  -0.653747  -0.586957  -0.613269 5:-0.571429  1  -1 
28  -0.6  -0.731266  -0.641304  -0.426141 5:0.261905  1  -1 
31  -0.6  -0.736434  -0.608696  -0.372271 5:0.357143  1  -1 